############################################################
############################################################
############################################################
tokens
['\n', ' ', '!', '(', ')', ',', '-', '.', '5', '7', '8', '9', ':', ';', '?', '[', ']', '^', 'a', 'b', 'c', 'd', 'e', 'f', 'g', 'h', 'i', 'k', 'l', 'm', 'n', 'o', 'p', 'q', 'r', 's', 't', 'u', 'v', 'w', 'x', 'y', 'z', '«', '»', 'à', 'á', 'â', 'ã', 'ä', 'å', 'æ', 'ç', 'è', 'é', 'ê', 'ë', 'ì', 'í', 'î', 'ï', 'ð', 'ñ', 'ò', 'ó', 'ô', 'õ', 'ö', '÷', 'ø', 'ù', 'ú', 'û', 'ü', 'ý', 'þ', 'ÿ', '¸', '–', '—', '’', '…', 'ˆ', '<sos>', '<eos>']
num_tokens
85
token_to_idx
{'\n': 0, ' ': 1, '!': 2, '(': 3, ')': 4, ',': 5, '-': 6, '.': 7, '5': 8, '7': 9, '8': 10, '9': 11, ':': 12, ';': 13, '?': 14, '[': 15, ']': 16, '^': 17, 'a': 18, 'b': 19, 'c': 20, 'd': 21, 'e': 22, 'f': 23, 'g': 24, 'h': 25, 'i': 26, 'k': 27, 'l': 28, 'm': 29, 'n': 30, 'o': 31, 'p': 32, 'q': 33, 'r': 34, 's': 35, 't': 36, 'u': 37, 'v': 38, 'w': 39, 'x': 40, 'y': 41, 'z': 42, '«': 43, '»': 44, 'à': 45, 'á': 46, 'â': 47, 'ã': 48, 'ä': 49, 'å': 50, 'æ': 51, 'ç': 52, 'è': 53, 'é': 54, 'ê': 55, 'ë': 56, 'ì': 57, 'í': 58, 'î': 59, 'ï': 60, 'ð': 61, 'ñ': 62, 'ò': 63, 'ó': 64, 'ô': 65, 'õ': 66, 'ö': 67, '÷': 68, 'ø': 69, 'ù': 70, 'ú': 71, 'û': 72, 'ü': 73, 'ý': 74, 'þ': 75, 'ÿ': 76, '¸': 77, '–': 78, '—': 79, '’': 80, '…': 81, 'ˆ': 82, '<sos>': 83, '<eos>': 84}
idx_to_token
{0: '\n', 1: ' ', 2: '!', 3: '(', 4: ')', 5: ',', 6: '-', 7: '.', 8: '5', 9: '7', 10: '8', 11: '9', 12: ':', 13: ';', 14: '?', 15: '[', 16: ']', 17: '^', 18: 'a', 19: 'b', 20: 'c', 21: 'd', 22: 'e', 23: 'f', 24: 'g', 25: 'h', 26: 'i', 27: 'k', 28: 'l', 29: 'm', 30: 'n', 31: 'o', 32: 'p', 33: 'q', 34: 'r', 35: 's', 36: 't', 37: 'u', 38: 'v', 39: 'w', 40: 'x', 41: 'y', 42: 'z', 43: '«', 44: '»', 45: 'à', 46: 'á', 47: 'â', 48: 'ã', 49: 'ä', 50: 'å', 51: 'æ', 52: 'ç', 53: 'è', 54: 'é', 55: 'ê', 56: 'ë', 57: 'ì', 58: 'í', 59: 'î', 60: 'ï', 61: 'ð', 62: 'ñ', 63: 'ò', 64: 'ó', 65: 'ô', 66: 'õ', 67: 'ö', 68: '÷', 69: 'ø', 70: 'ù', 71: 'ú', 72: 'û', 73: 'ü', 74: 'ý', 75: 'þ', 76: 'ÿ', 77: '¸', 78: '–', 79: '—', 80: '’', 81: '…', 82: 'ˆ', 83: '<sos>', 84: '<eos>'}
header_token
<sos>
footer_token
<eos>
header_idx
83
footer_idx
84
in_dim
85
hid_dim
10
out_dim
85
in2hid
[[ 2.70896273e-01 -1.27277135e+00  2.28537304e-01 -1.21508677e-01
   4.30605295e-01  3.73501541e-01  2.85135354e-02  8.07748201e-01
  -7.11511217e-01 -6.52952998e-01  6.90552433e-01  2.20701862e-02
   1.13621013e+00  8.78667622e-01  1.31752578e+00 -1.17681110e+00
  -1.73621394e+00  1.56384922e+00 -3.60889860e-01 -6.42501509e-01
   3.16607600e-01  1.09275353e+00  5.01823304e-01  2.56494170e-02
  -1.15694330e+00  2.76473382e-01 -1.44958866e+00 -4.74668551e-01
  -2.54316156e-01 -1.04673211e-01 -1.92556189e+00  1.48599843e-02
  -9.13295433e-01  1.13702811e+00  4.75743232e-01  1.01981027e+00
  -2.05946766e+00 -4.37676036e-01 -5.73916595e-03 -2.21567608e-01
  -1.54347996e+00 -1.06937436e+00 -5.13485070e-01 -7.22335541e-01
  -1.15119577e-01 -1.02169687e+00 -1.28609935e+00  1.64652969e+00
   2.25919479e+00 -1.43543542e+00  1.46381207e+00 -8.70417344e-02
   9.12864519e-01  8.15990402e-01  2.90599818e+00 -1.57832956e+00
  -1.03089270e+00 -5.74575411e-01 -1.33399328e+00 -2.46306731e-01
  -9.33246611e-02 -1.79604740e-01 -3.45948984e-01 -1.60616622e+00
  -2.50601324e+00 -4.46573989e-02 -3.02139032e-01 -9.85870076e-01
   2.06815935e-01 -1.06642800e-01 -1.05003045e+00  5.05501223e-01
   4.15683745e-01 -2.14247087e+00 -7.95957083e-01 -1.48109317e+00
  -1.88443431e+00 -7.56791828e-01  6.01947852e-01  7.98004277e-02
  -1.16294117e+00  3.61295650e-02  1.89317028e+00  4.49229400e-02
   8.94671520e-01]
 [-3.98735939e+00 -2.17733235e+00 -2.12594258e+00  6.57058426e-01
   8.38784149e-01 -3.91474219e+00 -6.52118448e-01 -2.71045563e+00
  -3.76776076e-01  8.53377865e-01  1.23481420e+00 -8.42202612e-01
  -2.06342305e+00 -3.02820062e+00 -1.25458000e+00  2.46812601e-01
  -1.53483340e+00  2.88163613e-01  5.80634837e-01 -1.94925497e-01
   9.53334698e-01 -6.97645166e-01  1.34629561e+00  4.41703741e-02
  -2.19323143e-01 -5.53987718e-01 -3.01572419e+00  8.05884162e-01
  -1.44728026e+00 -6.36635884e-01 -1.67434353e+00  1.02849812e+00
   2.75294460e-01  1.02189134e-01 -7.40657019e-01  8.18401238e-01
  -4.06723490e-01 -5.16230541e-01 -2.50794016e+00  6.15691159e-01
  -2.96362108e+00  1.32607925e+00 -8.18761227e-01  1.75336779e+00
  -2.08407711e-01 -1.20600737e+00  2.19959259e+00  3.63442597e+00
   1.56598688e-01  2.73713207e+00  1.22431431e+00  1.94533790e+00
   2.74859494e+00 -1.68979131e+00 -2.78925368e+00  3.27694343e+00
   3.54143423e+00  3.21057858e+00  3.52212282e+00 -9.30687176e-02
   2.11070552e+00  3.35208305e+00  2.30003301e+00  3.27001797e+00
  -9.78845945e-01  9.61302050e-01  8.10423425e-01  1.07726156e+00
   2.83202005e+00  2.09826731e+00  1.86137384e+00 -5.11667938e-01
  -1.55618838e+00  5.20202233e-01  3.69610822e-01 -6.43951029e-01
  -7.89859492e-01  9.62856164e-01 -4.66660662e-01 -1.23588599e+00
   5.12887768e-03 -1.23524563e+00 -9.59233104e-01  1.72640923e-01
   6.46310234e-01]
 [-2.23837829e+00 -3.39714236e+00 -9.50584080e-02 -2.54586063e-01
   1.68236227e-01  1.79270398e+00 -4.64534851e-01  6.48528659e-01
  -2.38577516e-01 -6.59636756e-02  5.20750510e-01 -4.06582803e-01
   6.15986821e-01 -5.74614773e-01  1.73893587e+00 -6.80793927e-01
   7.10773247e-01 -4.74401957e-01 -1.15209393e+00 -4.99999840e-02
  -8.05900965e-02  8.37088250e-01  1.28096666e-01  4.99656925e-01
  -9.49529093e-01 -2.83241190e-01  1.51404177e-02  2.41261396e-01
  -1.88412746e+00 -3.84622790e-01 -5.63774240e-01 -2.86970371e-01
  -4.87693863e-01 -1.15405142e-01 -5.46245540e-01  9.32194183e-01
  -6.60801942e-01  1.87496993e+00 -1.15606896e+00 -1.55794714e+00
  -9.78844545e-01 -3.61079797e-01  5.29272785e-01 -7.76203351e-01
  -1.39790720e-02 -3.15418543e-01  9.81892199e-01 -4.53708568e-01
   1.80450293e+00 -1.29076115e+00 -2.38920903e+00  1.93091337e+00
   6.17164221e-01  2.03651798e+00  1.20743379e+00 -3.66918670e-01
   1.82385144e-01  1.11525270e+00  2.54950193e+00 -2.09239260e+00
   1.23275923e+00  4.60474259e-01  8.06304745e-01  3.56857892e-01
  -1.30611205e+00 -4.56835783e-01  1.17842631e+00 -7.21243101e-01
  -3.03461328e-01 -3.08776379e-01  1.11882801e+00  1.20649910e-02
   2.05515115e+00  2.03390305e+00  1.27577823e+00  1.58824768e+00
   6.88777856e-01  3.28338935e-01  5.87134758e-01  1.03046898e+00
  -1.20996380e-01  7.27657833e-01  3.29909492e-01  4.04847976e-01
  -1.14672508e-01]
 [ 1.91221819e+00  7.35761089e-01  1.76825667e+00 -4.94202090e-01
   1.86476816e-01  1.13161917e+00  1.32033304e-01 -2.08761347e+00
   5.20574097e-01 -3.21478785e-01 -1.31325421e-01 -1.08596155e-01
  -9.89553694e-01  9.31334224e-01  6.49213503e-02  1.46850603e-01
   2.89582818e-01 -1.02672830e+00 -1.63024976e+00  8.05008765e-01
  -4.35305018e-01 -9.39421295e-01  5.35223787e-01 -8.32305092e-01
   1.89304860e-01  1.02148094e+00  2.39583019e-01  1.75917904e+00
   1.28729346e+00 -4.07520066e-01 -1.82400977e+00  1.55110134e-01
   2.54128376e-01 -3.09529323e-01 -1.93249174e+00  8.99780441e-01
   2.84325104e-01  1.45945915e+00 -5.00843714e-01 -9.54240748e-01
   9.16995790e-01  3.23798341e-02  7.15843821e-01  6.70834139e-01
  -2.26702822e-01  2.84432985e-01 -2.27222983e-01 -8.70534793e-01
  -7.37603112e-01  8.51904798e-01  1.83169631e-01  1.85505928e+00
   7.81252459e-02  1.25290276e-01 -7.08681326e-01  2.19023610e+00
  -3.53609376e-02 -1.48283595e-01 -6.89356042e-01  3.12238347e-02
   4.57604113e-01 -6.13941806e-01  1.51437043e+00  6.36483506e-01
   2.03919142e+00 -1.88679240e+00  3.20322508e-02 -9.27610889e-01
   8.98789174e-01 -4.28105909e-01  3.07899862e-01  6.56918291e-01
   1.31022163e+00  1.45638071e+00  1.65930079e-01  7.82813203e-01
  -2.54535501e-01  1.50035883e+00  9.34128186e-01 -7.94296078e-01
  -1.75984217e+00 -1.22871975e+00  2.11078731e+00 -8.79164310e-02
   3.16670572e-01]
 [-3.05858257e+00 -7.02503960e+00  1.12632194e+00 -2.30141312e+00
  -4.54272286e-01  2.53666073e+00 -6.66494064e-01  1.65577627e+00
  -2.69523546e-01  2.96726401e-01 -1.43997854e+00 -2.29053657e-02
   1.80520660e+00  1.74486998e+00  3.91926040e-01  8.55608464e-01
  -7.78046477e-02 -2.49354657e-01 -4.65662335e-01  4.79861444e-01
  -1.55315695e+00  1.84967706e+00  2.77418713e-01 -8.27807146e-01
  -1.12018597e+00 -1.56069906e+00  1.71536064e-01  2.73749103e-02
  -1.08603454e+00  1.40307042e-01 -7.54613243e-01  1.48710088e+00
   3.43453120e-01  1.67675196e+00  2.56133079e+00 -1.24226343e-01
   1.95464049e+00  3.00039598e-01  1.08113252e-01 -2.95242218e-01
   1.54040079e-01  5.07291057e-01  1.25027043e+00  5.37531339e-01
  -8.72207284e-02  1.86037045e+00 -3.22074946e+00  5.83070732e-01
  -4.66740846e+00 -2.24954015e+00  1.82732142e+00 -7.01993509e-01
   6.49437571e-01  1.90140783e+00  1.86149503e+00 -7.78519111e-01
   3.16981091e+00  7.90162620e-01 -2.06508154e+00  2.23413173e+00
  -4.77784441e+00 -3.21014408e+00 -3.46958864e+00 -2.60828673e-01
   3.52611955e-01  2.01649983e+00  2.00506145e-01 -2.32875889e+00
  -1.33414144e+00  1.77592524e+00 -4.59291118e-01  1.87540427e+00
   2.29869626e+00  1.99604557e+00 -3.74295858e-01 -7.11064754e-01
   1.68758403e+00  7.67265440e-01  4.99251981e-01  2.34676297e-01
   1.84606172e+00 -2.12062647e-01 -2.11129568e-01 -1.58518027e+00
  -3.34934631e-02]
 [-1.03622953e+00 -1.28510359e+00  2.32525816e-01 -1.47590916e+00
   2.24936271e+00 -8.41599402e-01  1.18054365e+00  3.36695157e-01
   5.81159811e-01  1.05666623e+00  3.57313087e-02 -1.38686410e+00
   1.02928361e+00  1.87323469e-01  1.03301915e+00  1.89938760e-01
  -6.95560246e-01  5.46074690e-01  6.98415963e-01 -1.08808366e+00
  -4.19656333e-01 -9.44247642e-01  1.22672218e+00 -2.47111688e-01
  -1.05990941e-01  5.33581849e-01 -1.38555312e-01 -7.10907284e-02
   2.46113343e+00  1.42675049e+00 -6.10941952e-01  3.19878925e-01
   2.55171272e-01  8.56137568e-01 -1.98685626e-01  8.11439839e-01
   4.05008888e-01 -2.65083056e-01 -9.76739129e-01 -7.19022135e-01
  -1.12761613e+00  1.07948275e+00  1.85034192e-01  4.28964520e-01
  -1.14229925e+00 -7.46535199e-01 -5.83402992e-01 -9.38067848e-01
   2.44791873e+00  1.77625771e-01 -1.29715084e+00  3.96032262e-01
   2.93601304e-01 -1.06018030e+00 -2.17272704e+00  1.02456732e+00
   1.13225903e+00 -1.57393892e+00  2.46017838e-01 -2.08081702e+00
   4.45015204e+00 -4.28710938e-01 -1.36550159e+00  8.04734961e-02
  -1.40703159e+00 -2.24311989e-01  6.06274598e-01 -8.90551765e-01
  -1.61110128e-01 -8.21112812e-01 -6.86312169e-02 -1.83520351e-01
  -1.10813921e-01 -1.53227307e+00  1.50983476e+00  4.41530457e-01
  -1.35976281e+00  1.25597020e-01  6.16628578e-01 -1.34030258e+00
  -8.58523161e-01  4.64967947e-01 -1.55569851e+00  1.12554864e+00
  -2.58574577e-01]
 [-2.84217315e-01 -3.30805532e+00 -1.39669041e+00 -1.90297507e-02
   8.62009475e-01  2.66167475e+00 -3.13595407e-01  3.57797776e+00
  -1.30087344e+00 -4.31271960e-01  9.61501646e-01 -1.35326868e+00
   3.07458024e-01  8.23628920e-01 -9.53252800e-01 -9.89640474e-01
   7.42513878e-01 -2.27236725e+00 -3.38007166e-01  6.84406940e-01
   2.48073553e-01 -8.44972826e-01  6.64807348e-01 -1.15891389e-01
  -6.79541756e-01 -1.11137062e+00 -7.98943678e-01  6.88747646e-01
   6.78650251e-01 -8.84724277e-01  4.42640047e-02  3.75192728e-01
  -1.28189139e+00 -1.14676419e+00  1.28231275e+00 -9.45536849e-01
  -2.50944349e+00 -1.08052037e+00 -1.41885366e-01 -8.65989700e-01
  -1.10797974e+00 -5.41749108e-01  1.06542439e+00  1.59795685e+00
   1.00240355e+00  2.02273556e-01 -1.07756145e+00  6.63178139e-01
  -1.01168718e+00 -7.26395353e-01 -5.90062233e-01  1.02322025e+00
  -2.74609991e-01 -1.97640976e-01  4.47047382e-01 -1.40903316e+00
   2.02992233e+00  9.08370806e-01  4.09539030e-01 -1.62480049e-01
  -7.01599407e-01 -4.43753038e-01 -2.30512276e-01  1.29675809e+00
   7.98052729e-02 -1.32748997e+00 -2.89222685e+00  7.17010766e-01
  -2.75729705e-01 -1.03401524e+00 -1.19049855e+00 -2.88780639e-01
   3.36971991e-01  6.20941452e-01  5.27741120e-01  1.65496089e+00
   1.79371338e+00  4.59522297e-01 -2.13133432e-01 -1.04813863e+00
  -9.91216330e-03  8.20109782e-01  1.28101961e+00  1.09230173e+00
  -5.84186183e-02]
 [-2.81956772e+00 -1.28633523e+00  1.25080513e-01 -7.96757742e-01
  -8.80233791e-01  2.08711928e+00  4.89893149e-01 -4.05043795e-01
  -2.65314948e-01  3.71834940e-01  3.81097205e-01  5.43333119e-01
   7.80113715e-01 -2.99691152e+00  4.15126779e-01  6.58724416e-01
   5.08057931e-01  1.12459854e+00  3.27488694e-01  1.86719291e+00
   8.21608816e-01 -3.39819839e-02 -2.80034423e-01 -1.19396834e-01
   1.26089603e-01 -1.35296016e+00  2.36771779e+00  6.24900275e-01
  -1.30752204e-01  3.56965117e-01  3.11218213e-01  1.69786513e-01
   5.13443670e-02  6.91045205e-01 -1.54211744e+00  1.31744290e-02
  -1.54151300e+00  2.90543218e-01  7.81998645e-01 -5.61151166e-01
  -2.60815496e+00 -2.87745085e-01  7.54030650e-01 -2.50664604e+00
  -2.53955872e+00  1.61734759e+00  2.08544438e+00 -9.29605915e-01
  -1.74197151e-01 -1.57599012e+00 -1.74171412e+00 -1.03840491e+00
  -1.45114487e+00 -6.20446524e-01  4.05250899e-01  1.93176659e+00
   9.16892779e-01  7.18213469e-01  1.48457199e+00 -3.57126721e+00
  -9.26563462e-01 -4.03029135e-01  1.72238377e+00 -2.14738719e+00
  -9.59391941e-02 -5.55741844e-01  2.01556631e-01 -1.00828989e-01
   8.57102252e-01 -1.06295741e+00  2.16992290e-01  1.84526467e-01
  -1.93574979e+00  1.06249449e+00  9.76208994e-01  1.56741662e+00
  -1.21878329e-01 -1.60429993e+00 -2.18738102e-01 -5.99484295e-01
  -9.64440418e-01  6.40424704e-01 -8.48556964e-02 -1.42418215e+00
  -7.69288213e-01]
 [ 2.84469856e-02  5.22931515e-01 -1.34886860e+00 -7.33264635e-01
  -1.41431301e+00  1.62120138e+00 -1.32874343e+00  1.67213064e+00
   3.91095492e-01 -1.34368529e-01  7.28485534e-01 -1.34322015e+00
   1.14507173e+00  1.52572957e-01 -2.18396017e+00 -1.39641857e+00
   7.42363015e-01  1.14159052e+00 -9.14337199e-01 -1.05275896e+00
  -8.65505083e-01 -9.32098715e-01  1.55618772e-01 -2.18769719e+00
  -2.66960163e-01  3.82887996e-01 -2.09799733e-02  9.31419175e-02
   6.17538996e-01 -5.74853390e-01  4.08780660e-01 -1.21791023e+00
  -2.86470816e-01  3.98817801e-01 -1.47145548e-02  4.73660962e-01
  -1.62649030e+00 -4.99678705e-02 -1.11137323e+00  3.01079187e-01
  -4.01827619e-01 -2.73902404e-01 -3.36594393e-01 -4.30125493e-01
   3.88155604e-01 -9.86716559e-01 -5.98198925e-01  1.08299390e+00
   3.31803261e-02  2.43697432e-01  1.72185577e+00  8.46607405e-01
   4.88170126e-01 -5.94383343e-01 -2.17099549e+00  7.06067119e-01
  -9.67147979e-01  1.44501423e+00 -1.07357349e-01  1.22644756e+00
   2.54234845e-02  1.01751962e+00  1.08709833e+00 -3.76958943e+00
   2.08113639e+00  6.48744673e-01 -1.08789241e+00 -2.85278379e-02
  -6.64119551e-01  1.33405892e-01  8.10584263e-01 -7.73522735e-01
  -1.87961486e-01  2.59769260e+00 -7.97970000e-02  1.13869346e+00
   2.22384412e-01  1.03164743e+00 -1.19193079e+00  5.47737607e-01
   6.11063106e-01  6.37399263e-01  6.43916302e-01 -7.68569967e-01
  -2.82850377e-01]
 [-1.23538299e+00  5.23386335e+00 -1.23053092e+00  7.62750322e-01
  -1.27720032e-01 -2.83591797e+00 -1.99522427e+00 -2.61255309e+00
  -5.26841825e-01 -1.29850362e+00 -4.44434668e-01 -1.55653447e-01
  -1.09874039e+00 -2.43541633e+00 -1.49300977e+00 -1.05091267e+00
   9.51415750e-01  1.80331425e-01 -1.28170112e-02 -2.10484838e+00
  -4.56372166e-01 -9.21687295e-01 -9.44576257e-01 -8.63062125e-01
   3.78669242e-01 -2.50332710e-01 -1.37703284e+00 -3.01098517e-01
  -8.98412510e-01 -8.76247888e-01  1.56860133e-02 -4.55073194e-01
   1.26894461e-01  2.54468856e-01  5.26256524e-01  3.19695061e-01
  -1.56360407e-01 -6.98596895e-01 -7.58916638e-01  2.47113755e-01
  -1.19760739e+00  5.32692979e-01 -9.81055547e-01  4.28220735e-01
   1.38988898e+00  4.64810350e+00 -1.14572565e+00 -2.08421161e+00
  -9.41493282e-01 -2.02276691e+00  5.28062643e+00 -6.89032576e-01
  -6.07016767e-01  4.84391825e+00  9.87717626e-01 -2.22989528e+00
  -3.49296269e+00 -1.91552869e+00 -3.51445474e+00  4.95511609e+00
  -1.33627400e+00 -2.41301187e+00  3.69089350e+00 -3.22516101e+00
   4.65290094e+00 -7.14705359e-02 -2.44528947e+00 -1.46954377e+00
  -1.58227970e+00 -1.02629440e+00 -6.93224576e-01  2.34343449e-01
   4.06673567e+00  9.27710508e-01  1.26092199e+00  2.69761423e+00
   3.26682803e+00  1.55940948e+00 -5.07692243e-02 -3.37802651e-01
   3.70277370e-01  9.11269125e-02  3.80404414e-01  2.19792548e-01
  -1.27383784e+00]]
hid2hid
[[ 1.21279504e+00  1.93811769e-01 -4.75424379e-01 -8.44386879e-01
  -4.50239349e-01  2.14952687e+00  4.58244144e-01  1.28178264e+00
  -1.31979014e+00  2.96264212e-01]
 [-4.95356212e-02 -4.03393323e-01 -1.27257809e+00 -3.06785016e-01
   1.01938251e+00 -1.70057394e-01 -6.92794274e-01 -1.15551490e-01
   1.01115017e+00 -3.43884926e-02]
 [-3.92400555e-01  1.99546366e+00  8.15165393e-01 -5.58598483e-01
   4.33310819e-01 -1.51477023e+00  3.04128606e+00 -2.32715143e-01
   2.59482710e-01  1.27131643e+00]
 [-3.51011871e-01 -3.95390525e-01  2.91015279e+00 -7.76515156e-01
  -6.54261745e-01 -1.28819373e+00  3.49965899e-01  6.27771479e-02
   5.50374197e-01  3.80751829e+00]
 [-3.26049244e-01 -4.80263639e-01 -1.00090233e+00  1.39217161e-01
   1.93254903e-01  1.76720305e-01 -3.47542392e-01 -1.21271328e+00
   4.97836371e-01 -5.50683274e-01]
 [-1.51315617e-01 -6.04225591e-01 -5.06861341e-01  4.03435745e-01
  -8.64996882e-01  2.41186909e-01 -1.35795734e-01 -3.39676480e-01
  -7.90372447e-01  8.13888986e-01]
 [ 3.08449782e+00 -1.01736823e+00  1.11168443e+00 -3.17832719e-02
   2.97887790e+00 -2.20349303e+00  6.75163518e-01  1.02182000e+00
  -1.19057232e+00  2.74107600e+00]
 [-1.06383154e+00  6.91852047e-01 -1.90138982e-01  5.85494217e-01
   8.37785485e-01  7.14406625e-01  3.76392430e-02 -1.35980872e-01
  -1.45973193e+00  3.52792894e-03]
 [-1.32857411e+00  1.21458932e+00 -3.34338940e-01 -6.73784772e-02
  -8.76620876e-01 -1.64467906e+00  4.72420217e-02  1.05645596e-02
  -1.03175255e-01 -8.31537619e-01]
 [-3.77077328e-01  1.57453647e+00 -3.56774222e-01 -2.41081114e-01
   1.16839703e+00  2.16377762e-01 -4.93647149e-01 -1.61665354e-01
  -5.53830699e-02 -3.01485770e-01]]
hid2out
[[-5.75256739e-01 -1.55334059e+00  4.66299483e-01  3.98023423e-01
   7.18196663e-01 -8.00768231e-01  7.00465583e-01 -1.16307983e-01
  -2.37032609e-01 -1.41385880e+00]
 [-2.94769411e-01 -2.52448393e-01  6.75320203e-01  2.64083089e-01
   2.16377558e+00 -1.49498196e+00  1.64672886e-01  9.06514379e-02
   3.77236706e-01  2.75309225e-01]
 [-7.56426769e-01  1.22441790e-01  2.81777745e-01  3.11437044e-01
   7.75031420e-01 -4.73299765e-01  4.00303619e-01 -3.82502014e-02
  -5.17205807e-01  5.00916814e-01]
 [ 3.24199185e-01 -5.99941714e-01 -2.39955013e-01  5.45684756e-01
  -1.57410694e-01 -1.33269886e+00 -6.43634525e-02 -4.62864733e-01
  -2.25863309e-01 -3.66879056e-01]
 [ 7.88645604e-01 -2.13661408e-01  2.37545189e-01  1.69479112e-01
   2.47987002e-01 -9.24827832e-01 -3.67712333e-01  2.77032509e-02
  -1.75693432e+00  5.15756036e-03]
 [-4.91542453e-01  1.41182351e-02  5.68071579e-01  5.12874907e-01
   1.28602455e+00 -9.47168507e-01  3.80227306e-01 -5.59306041e-02
  -2.65693199e-01  5.55126775e-01]
 [ 9.40103778e-01  6.42873597e-01 -2.74795963e-01 -1.10522188e-01
   7.21268281e-01 -5.75315482e-01  4.21119236e-01  1.97008333e-01
   2.46559163e-01  8.31019846e-03]
 [-9.77830001e-01  2.19653217e-01  7.75522609e-01  3.15114666e-01
   7.92681055e-01 -1.68141935e+00  6.41932334e-01  1.65549210e-01
   4.54981744e-02  9.99994135e-02]
 [ 9.39775886e-01  1.14844750e-01  4.26651664e-01  1.65649217e-01
   5.66060273e-01  6.29476859e-01  8.59721280e-01  1.17950568e+00
  -7.04024939e-01 -5.84383300e-01]
 [ 2.30606661e+00  6.28956820e-01 -4.85980214e-01 -2.42735908e-01
  -4.75194050e-01  4.18262202e-01  1.07798654e-01  6.56577183e-01
   2.47689692e-01 -6.88162556e-01]
 [-3.41564594e-01  8.18359334e-01 -2.05495579e-01 -1.21488054e+00
  -5.04284525e-01  3.98309187e-01  1.11715528e+00 -7.51646330e-02
  -9.86338997e-01  7.55023741e-01]
 [ 2.73764421e+00 -2.29516815e-01 -6.54581744e-01  2.49427887e-02
  -1.15482757e+00  6.92334499e-01 -1.37238295e-01 -6.73936248e-02
  -4.52189476e-01 -3.03046325e-01]
 [-1.75288586e-02  7.92810404e-01  8.28787718e-01  1.46158903e-01
   9.57579541e-01 -6.77601515e-01  3.38509570e-01  4.04799091e-01
  -8.07589239e-01  3.98797391e-01]
 [ 9.63137354e-01  3.69978814e-01  4.54604572e-01  5.34670481e-01
   1.06730005e+00 -8.07268570e-01  4.23670186e-01 -1.04673685e-02
  -4.80623903e-01  6.52347764e-01]
 [-7.14379873e-01  6.21381154e-01  7.00359093e-01 -1.66092466e-01
   8.22131100e-01 -3.20307453e-01  9.40822947e-02 -1.90281219e-01
   6.88717404e-01  4.49496603e-01]
 [ 9.09467211e-01 -3.42036254e-01 -1.35930688e+00  4.96944060e-01
  -3.05158080e-01  1.56925164e+00  5.14433991e-01 -6.14492306e-01
   6.82593514e-02  3.21115047e-01]
 [ 2.03353361e+00  5.72370982e-01 -2.67872294e-01 -9.73966401e-01
  -7.99571140e-01 -7.04473922e-01 -1.45776929e-01 -5.09151640e-01
  -5.98917698e-01 -5.81920044e-02]
 [ 4.96648784e-01  1.22344914e+00  3.51914333e-01 -4.86471351e-01
  -1.46781976e-01  5.19219875e-01  1.16460951e+00 -9.81281290e-03
  -1.65807566e+00  2.75578525e-01]
 [ 1.12379965e+00 -8.15769138e-01  2.19806880e-01 -6.21451151e-01
   9.48362554e-01  3.35519193e-01 -2.94817716e-01 -1.58917277e-01
   7.40413738e-02 -4.04566841e-01]
 [ 9.86541934e-01  6.16349324e-01 -4.86361121e-01 -1.08561501e+00
  -5.37051720e-01 -8.23420331e-01  4.41490327e-01 -3.39243586e-01
   3.99108616e-01  5.48791313e-01]
 [ 9.69371390e-01  2.30303271e-02  2.21120594e-01 -8.66866339e-01
  -7.02177940e-01 -4.62920738e-01  3.11176277e-01  1.36188458e+00
   1.83906989e-01  8.61785683e-02]
 [-6.84729834e-02 -2.08974643e+00 -3.27848195e-01  8.59001907e-01
   2.83546995e-01  1.47274834e+00  3.41302820e-01 -1.79593425e-01
  -5.25135228e-01  1.15813640e-01]
 [ 1.41188372e+00 -2.90932889e-01 -1.27583306e+00  2.11823556e-01
   5.70868980e-01  6.80791785e-01 -7.92357878e-01 -6.53206175e-01
   5.95199963e-01 -4.76392177e-01]
 [-6.40735002e-01 -1.90120291e-01  2.21945693e-01  8.72646348e-01
   3.28123212e-01  6.80234481e-01  1.00468466e+00  1.43091006e+00
  -7.85274839e-01 -1.03026739e-01]
 [ 9.30128803e-01 -2.43403041e-01 -9.16250430e-02 -8.08953735e-01
  -1.33094782e-01  8.56015366e-01 -3.35451471e-02 -3.49604131e-02
  -4.78195183e-01  1.08015815e+00]
 [-4.52369320e-01  7.21603469e-01 -4.71850979e-01 -6.10077835e-01
  -9.39910278e-02  7.29415784e-01  4.79336066e-03  5.55802654e-01
  -1.01230660e+00  2.52333157e-01]
 [ 7.80177998e-01 -1.66100579e+00 -6.26369460e-01 -7.37132946e-01
   1.15783076e+00  3.31250874e-01 -1.01472505e+00  7.44157777e-01
  -8.89992367e-01 -1.92109598e+00]
 [ 2.68961738e+00 -4.10475109e-01  1.28799864e+00 -1.27796717e+00
  -6.56015685e-01  4.85537320e-01  6.69690449e-01  1.40830916e+00
  -3.51027866e-01  8.51137316e-01]
 [-1.59977797e-01 -6.04432133e-01 -1.03711905e-01 -2.86664056e-01
   6.44802914e-01 -2.54573692e-01 -6.08481202e-01 -2.23208124e-01
  -6.66515987e-01 -8.54137008e-01]
 [ 1.53011704e+00 -1.27612006e+00  7.81032475e-02  5.70441281e-01
   6.57548408e-01  9.77727442e-01 -4.29771709e-02 -1.12286324e+00
  -5.72443136e-01 -1.25555659e+00]
 [ 6.54890599e-01 -4.05278929e-01  5.53766324e-01 -6.03175720e-02
   1.58744804e-01  7.20146281e-01  3.58776713e-02  4.96123871e-01
  -4.09980479e-02 -5.60425683e-01]
 [ 1.19726830e+00 -1.50805717e-01  4.82430301e-01 -5.66725967e-01
   4.21158279e-01  1.27572118e-01  4.36357251e-01  4.64371445e-01
  -4.56016394e-01 -1.38697866e+00]
 [-6.77081893e-01  9.23945112e-01  1.78821218e+00 -1.10378540e+00
  -1.17020103e+00  2.32775332e+00  8.40719824e-03 -1.24870005e+00
  -2.71568989e+00  2.00912293e-01]
 [-2.55862848e-01  7.33625435e-01 -2.20882989e-01 -1.38204240e+00
  -9.16250513e-01  1.07923063e+00  2.84161391e-01 -4.14223889e-01
  -7.29454608e-01  5.08673243e-01]
 [ 1.28069157e-01 -7.16094282e-01  2.38116950e-01  7.24321927e-02
   5.47188681e-02 -1.36173251e+00 -3.02748022e-02  5.39346858e-01
  -1.38537600e+00 -4.19337064e-01]
 [ 7.05842325e-02  1.05456823e+00 -6.62572292e-01 -1.87235460e+00
  -9.33669777e-01  1.93427302e-01  1.14024440e+00  7.71359767e-01
  -3.97505086e-02  1.11699625e-01]
 [-9.93598620e-01  2.78291175e-01 -5.58122957e-01 -8.33835686e-01
  -3.10964391e-01  2.22048765e-01 -8.08985895e-01 -1.08821842e+00
  -1.97553101e+00  2.85546100e-01]
 [ 3.96921825e-01  2.62237064e-01  2.53982016e-01 -6.47745860e-01
   2.12321461e-01  1.27151175e+00  8.09318563e-01  7.89808962e-01
  -3.49879393e-01  1.74107501e-01]
 [-1.62838717e+00 -8.96362479e-01 -2.91638933e-01 -3.22766977e-01
   5.95535133e-01 -1.74462326e-01 -8.84470583e-01 -1.14720036e-01
  -1.06456104e+00 -1.32801946e+00]
 [ 2.08422442e+00 -5.96541958e-01 -1.06465119e+00  9.36634822e-01
  -1.18159483e+00  1.65785001e+00  3.90095424e-01  4.97862358e-01
  -1.40225051e-01 -6.81945716e-01]
 [-5.31013106e-01 -1.96731777e+00 -5.20128838e-01 -6.88896248e-01
   8.05087532e-01  8.49814741e-01 -1.38269607e+00 -9.67288299e-01
  -7.63504701e-01 -1.69929398e+00]
 [ 2.84888278e-01  1.79704381e-01  6.07834688e-01 -8.27644436e-01
   8.19355097e-01  1.13887655e+00  4.91238138e-01  4.36850239e-01
  -1.47378593e+00  1.43745761e+00]
 [ 5.25631890e-03 -3.47714614e-01 -1.33268741e+00 -5.76387914e-02
  -3.35766307e-02  9.15886768e-02  4.64119972e-01  6.10119767e-01
  -7.32636782e-02  9.96486770e-01]
 [ 2.03734523e-01 -1.13450194e+00 -8.34747080e-01  2.51446823e-01
  -3.18937921e-01 -3.45212765e-01 -6.66377941e-01 -5.65426675e-01
   3.91639642e-01 -6.75250069e-01]
 [ 7.60140662e-01 -4.02671187e-01  6.13058180e-01  2.40017783e-01
   8.81686697e-01 -2.04330036e+00  1.75830573e-01  8.75492835e-01
  -7.77504515e-01 -8.18994016e-01]
 [-2.28183861e-01  1.53859045e+00  2.24606549e-01  1.15128431e-02
  -3.59383019e-01 -3.73020786e-01 -3.80999305e-01  2.20079744e-01
   6.43545893e-01 -1.24379058e+00]
 [ 2.41084207e-01  4.44275967e-02 -6.22608632e-03  1.12345171e-01
  -1.71546061e-02 -1.04793938e+00  2.45928919e-01 -4.79768898e-01
   1.19478567e+00  9.43447979e-01]
 [-1.76305234e+00  5.48520448e-01  3.64097097e-01  2.18046080e-01
  -1.62863827e-01 -5.83777337e-01 -2.51437446e-01 -5.55828076e-01
   5.46488234e-01  3.83747639e-01]
 [-7.66866209e-01 -1.06192428e-01 -3.93035387e-01  6.17384695e-02
   1.45121868e-01 -1.15656364e+00  1.40936618e-01  2.62824352e-01
   4.82787319e-01  9.10027890e-01]
 [-1.12310104e+00  2.34101085e-01 -5.67804649e-02 -9.83021949e-02
   8.93392912e-02 -8.78789831e-01  5.46865020e-02 -4.26778956e-01
   1.50987009e+00  4.54056539e-01]
 [-1.77473049e+00  1.10462775e+00  2.26385747e-01  1.43988015e-01
  -2.53789521e-01 -2.71380609e-01 -4.68184481e-01  3.77224466e-01
   9.49847498e-01 -2.66720068e-01]
 [-5.58682219e-01  2.43810215e-01 -2.05372356e-01  2.39097312e-01
   1.94433751e-01 -5.22109952e-01 -2.64088070e-02  2.87393794e-01
  -6.63430786e-02  1.22300109e+00]
 [-7.25674869e-01 -1.06307934e-01 -1.56836959e-02  2.35401887e-01
   1.64837942e-01 -5.58227234e-01 -4.07963080e-01  3.45210209e-03
   8.13982320e-02  3.29529533e-01]
 [-1.63310554e+00  1.18357188e+00  1.86388981e-01  3.04272288e-01
  -3.72968237e-01 -4.84765923e-01  5.12209256e-02  3.38442577e-02
   3.40177146e-01 -1.02958555e+00]
 [ 1.30490094e-01 -5.13582914e-01  9.15338224e-01  4.39184724e-01
   1.88013952e+00  6.03778372e-01 -1.07415358e-01 -1.09873925e+00
  -5.79050981e-01  2.02879632e+00]
 [-1.77223337e+00  1.36738938e-01 -4.20930726e-02  2.14895018e-01
   5.52665868e-02 -2.08816525e+00 -1.38032526e-01  1.77118224e-01
   1.05094741e+00  6.12810376e-01]
 [-2.12448456e+00  4.09367828e-01  9.23036823e-02  2.40636990e-01
   6.05106576e-01  1.76204801e-01 -2.94762331e-01 -1.74947542e-01
   1.10279752e+00  1.20603198e+00]
 [-7.04645454e-01  7.02268669e-01  1.72079988e-01  5.69730903e-01
   2.81104687e-01 -7.13268929e-02 -5.35769771e-01 -3.02951651e-01
   4.82023405e-01  1.07082274e+00]
 [-7.73786398e-01  4.35135087e-01  2.01774052e-01  2.23575407e-01
   3.07828990e-01 -1.62521451e+00 -2.52829212e-01 -3.33531410e-01
   1.23043393e+00  4.12980518e-01]
 [-1.54933725e+00  1.35127080e+00  8.25702868e-02  4.73351264e-01
  -5.91047878e-01 -4.99495879e-01 -5.26883428e-01 -2.15784061e-01
   9.99181395e-02 -1.07571579e+00]
 [-5.77974649e-01 -1.60753893e-01 -3.59991535e-01  4.73724013e-01
  -8.71668844e-01 -6.57121062e-01 -2.52758718e-01  1.57205387e-03
   1.19573029e+00  8.06765733e-01]
 [ 8.48153533e-02  5.18283537e-01  1.31142957e-01  2.91990399e-01
  -3.68134236e-01  4.95305527e-01 -7.39273883e-01 -2.36260779e-01
   1.06792243e+00  4.14567714e-01]
 [-1.97322400e+00  1.12120733e-01  9.84164391e-02  7.48442917e-02
  -3.37603094e-01 -9.73624075e-01 -2.12825906e-03 -9.43291642e-03
   6.13521127e-02  4.25033410e-01]
 [-1.27899517e+00  1.32910909e+00 -1.11273149e-01 -4.56115877e-02
  -9.67334273e-02 -5.61316796e-01  3.63229199e-01  2.30844529e-01
   1.89627763e+00  1.72506711e+00]
 [-4.29947644e-01  1.41491113e+00 -1.46434261e-01  6.13342352e-02
  -5.81720041e-01 -9.81061557e-01 -6.37796603e-01  5.64044546e-02
   5.47199005e-01 -7.28788878e-01]
 [ 4.61093558e-02 -1.66565187e-02 -3.36778299e-01 -7.20412596e-02
  -3.04740594e-01  8.56804280e-01 -1.63668819e-02  6.12272552e-01
   1.35138167e+00  8.66565037e-01]
 [-3.46067598e-01 -2.93285929e-01  1.48115179e-01  4.89847170e-01
   9.49979880e-01 -5.45577204e-02 -5.57355639e-01 -2.23328015e-01
   3.23279991e-01  9.09356059e-01]
 [-8.85763720e-01  5.70071001e-01  6.64138432e-01  1.83431897e-01
   3.65361103e-02 -3.69821724e-01 -2.67383159e-01 -5.79949696e-01
   6.61712460e-01  5.63077533e-01]
 [-2.11100541e-01  4.51497464e-01 -3.36574121e-01  5.52188532e-01
  -2.05670360e-01 -9.33627710e-01  2.75337420e-01 -2.07392710e-01
   3.22048450e-01  4.46432727e-02]
 [ 6.34489871e-02 -8.30226923e-02 -9.11355154e-02  3.94882453e-01
   1.54342521e-01 -6.60867346e-01 -2.78374650e-01 -3.24547370e-01
  -5.42676631e-01  1.19820862e+00]
 [ 8.84193430e-01  5.95170779e-01 -1.24815092e-01  6.45703419e-01
   8.07306733e-01 -1.39404735e-01 -5.51616425e-01 -1.25932069e-01
   9.78318894e-01  1.11745814e+00]
 [ 1.01361198e+00  5.60715087e-01  9.78115571e-01 -6.71782499e-02
   1.08578944e-01  5.16920474e-01  6.40772650e-01  3.26673604e-01
   3.83265456e-01 -1.44913850e+00]
 [-1.17175551e+00  2.01190468e+00  5.81466344e-01  4.16516067e-02
  -6.68306637e-01 -1.62855741e+00 -2.17877678e-01  1.23374156e-01
  -7.11149057e-02 -1.57060071e+00]
 [-2.34814784e+00  2.23745707e+00  7.60473333e-01  1.98874098e-01
  -3.93255096e-02 -7.54181716e-01  7.47620526e-01  2.46268763e-01
  -7.48372411e-01 -2.47627946e-02]
 [-1.24112314e+00 -7.72282110e-02 -6.00040269e-01  1.81516839e-01
  -3.78254898e-02 -4.27191227e-01 -1.30655917e+00 -6.36932723e-01
  -3.59551527e-01  1.07548423e+00]
 [-3.60772540e-01  5.64128435e-01  4.59290284e-01 -2.10641356e-02
   1.03276776e+00  5.94738602e-01 -1.67645599e-01  7.78178606e-02
   2.73406542e-01  5.02309679e-01]
 [-8.32550557e-01  1.42025741e+00  4.48412857e-01  1.04055764e-01
  -5.57706972e-01 -7.20980455e-01  2.27659052e-01  1.54392776e-01
   8.81059892e-01  2.51185890e-01]
 [ 3.76993979e-01  7.20948143e-01  3.00188725e-01 -3.84459350e-01
  -5.36925631e-01 -1.69269746e+00 -3.26765510e-01  1.00241883e+00
  -1.34284221e+00  3.27590893e-01]
 [-1.11713702e+00 -7.81764917e-01 -2.44457262e-01  2.54025793e-01
  -1.08689778e+00 -1.86886423e-01 -3.54012706e-01 -1.60726370e-01
   3.81585130e-01  8.02175374e-01]
 [ 7.49877596e-02 -1.02262238e+00 -2.68767712e-01  6.35013893e-01
  -5.93131063e-01  7.10355858e-02 -6.31246686e-01 -5.61043634e-01
  -4.33531993e-01  3.12395808e-01]
 [ 9.88044860e-01 -6.17532802e-01  1.66748361e-01 -4.88088118e-01
   9.73415282e-02  1.36806184e-01  5.52764180e-01 -6.82015656e-01
  -1.69095304e-01  6.38186401e-01]
 [-6.76372369e-01  6.34478222e-01  2.68847138e-01  2.92039344e-01
   9.96712041e-01 -1.92186001e-02 -6.98665735e-01 -3.60741419e-01
  -7.05576096e-01  1.27198764e-01]
 [ 1.23187599e+00 -5.92098525e-01 -4.71428913e-01 -4.00844165e-01
  -1.90603364e-01 -7.84788976e-01  1.66759468e-01 -8.81230330e-01
  -1.55522114e+00  5.92208923e-01]
 [ 1.33044994e+00 -4.81989062e-01 -3.48293397e-01  3.73304067e-01
  -6.37613573e-01  1.61531286e+00  4.23610247e-01  4.38629266e-01
  -1.05098423e-01 -3.00015763e-01]
 [ 4.36241155e-01  5.17815407e-01 -3.57862218e-01  4.93911750e-02
  -3.55834197e-01 -3.50218236e-01  2.72982033e-01 -1.34780361e-02
  -1.06982285e+00  1.17763850e-01]]
bias_before_activation
[-3.46817646  0.92203966 -0.87942137  0.25313799  1.8475531  -1.30215092
 -0.04335506  1.38932134  1.75715394 -0.62011793]
out_logproba_bias
[ 1.55419750e-01  3.82379329e+00 -2.74954632e-01 -1.23841988e+00
  1.07519415e+00  2.03609925e+00  2.18178022e-03  8.14540690e-01
 -8.88877658e-01 -1.94137069e-01 -1.11324180e+00  1.01608782e+00
  1.01343565e+00  1.22187987e+00 -3.75267267e-01 -1.06843006e+00
 -8.68091816e-01 -1.63248792e-01 -4.99103607e-01 -2.00819725e+00
 -1.90615455e+00 -1.82715126e+00 -7.28816354e-01 -2.62806915e+00
 -6.34539497e-02 -1.21270837e+00  9.72556927e-02 -1.13289401e+00
 -5.13897257e-01 -4.27879046e-01  2.97304973e-01  3.23141575e-01
 -1.13451533e+00 -1.13369423e+00 -1.09485083e+00 -1.30277759e+00
 -1.02625311e+00  9.50824897e-01 -1.87128597e+00  9.97942204e-02
  5.48417703e-02 -4.86485486e-01 -3.02866558e+00 -7.62641205e-01
 -6.01534677e-02  1.57549266e+00  6.80250466e-01  9.79012549e-01
  1.00060356e+00  7.75237636e-01  1.34328638e+00  1.05586173e+00
  1.58841166e+00  2.08649669e+00  1.76328644e+00  4.26336205e-01
  1.25743052e+00  1.69107635e+00  1.45071971e+00  2.19139719e+00
  1.00598904e+00  3.85143158e+00  1.30189626e+00  2.24920595e+00
  2.24461219e+00 -8.03352545e-01  1.51881822e+00  7.19472710e-01
  1.94144727e+00  1.80653087e+00  1.31246950e+00 -2.39194412e-01
 -2.02837655e-01  4.40041901e-01 -2.02098344e+00  1.00344537e+00
  1.41799009e+00 -2.03297868e-01 -1.45009622e+00 -6.65333560e-01
 -1.41550224e+00 -4.60046279e-01 -8.33608047e-01  3.77637067e-01
 -1.27050370e+00]
hid
[-0.99999998  0.99924918 -0.97937333  1.          0.21645147 -0.28839347
  0.87509534 -0.99791186 -0.60805791 -0.99999805]
loss_history
[157.86760321108218, 102.42523214065282, 113.1267541639715, 96.9508345927054, 102.01204210062909, 79.9092696077622, 93.36081821693855, 84.37122094367976, 76.75759628254313, 75.5606590908086, 85.3202923340909, 98.49042500447365, 78.15139260987169, 72.72354046128245, 85.4906928208596, 73.29842723393178, 83.50138009242036, 67.20558684660165, 65.13975430005674, 62.9609683947866]
learning_rate
0.1
line_count
2000
line_length
25
l2_reg
0.0
clip
None
